  830.9587    -13.1      7.5
 1121.0194    -16.0      7.5
 1385.3105     42.6     14.5
 1411.2025     13.0     15.8
 1473.0850    -15.2      7.9
 1683.3314     36.1      8.1
 1743.2765     41.0      7.5
 1745.2642     24.0     10.4
 1767.2699      0.1      9.0
 1768.2542      1.3      7.1
 1828.0607    -16.4      8.9
 1856.0643     -5.9     10.7
 1856.9250    -12.5     12.9
 1918.9407     -4.1      9.3
 2061.2963     32.7      8.0
 2092.2683     19.8      7.5
 2093.2876     11.4      8.1
 2127.2230    -20.0      9.4
 2128.1545     -4.0      9.0
 2130.2433    -16.0      8.0
 2151.2113    -21.9      7.4
 2152.0786    -12.0      7.8
 2154.1541    -29.5      6.9
 2187.1000    -15.2      7.0
 2188.0360     -9.4      7.2
 2189.0199    -23.9      7.0
 2190.0032    -12.0      6.4
